146
1KP_IAYV_2004853.p1                         0.0000000 0.4527824 0.4596397 0.5040783 0.5743438 0.6980826 1.1892118 1.3061528 1.2684890 1.2744118 1.5091742 1.4558037 1.4687762 1.5880310 2.0969146 2.6670949 2.1163851 1.3378157 1.4018377 1.5211886 1.9035927 4.5184721 4.1387044 4.4642131 3.6521029 4.1538236 3.6580689 4.0569003 4.3353281 4.2161427 4.3699124 4.3892614 4.3457085 4.5580127 4.1655596 2.7923570 3.0992209 2.7448723 3.1182127 3.0658131 3.1372294 3.0643521 3.1983339 3.0488924 3.1565142 2.9319555 2.9448397 3.0724682 3.1231313 3.0868909 3.2516244 3.0727305 2.9478284 2.9653959 3.3038521 3.2358153 3.2395132 3.2227549 3.4897217 2.9044719 3.1126867 3.1574802 2.8243300 3.0273622 3.4802605 4.1049674 4.0596988 3.6751465 3.6531256 3.3759103 3.3411431 3.1054350 3.1517960 3.0980225 3.1736232 3.1169821 3.1179090 3.2667181 3.0633055 4.8244083 4.6144546 4.2540865 3.2071792 3.9805742 3.5983758 3.2841413 3.3611754 3.6383509 3.2649637 3.1216849 3.4599871 3.0456075 3.2636080 3.1915524 2.9691429 3.2246905 4.1370533 0.4524995 2.1314266 1.3838015 3.3686453 3.0931801 4.4036364 4.5479801 4.6603276 5.0423286 5.4561082 2.7702657 4.5764392 4.1946390 4.2383346 3.4669087 3.3063298 3.8258002 3.2238035 3.3882470 3.1182665 3.3339891 3.2663445 2.0319123 1.9779997 1.2573939 1.2052728 1.5896194 1.4549753 0.8317405 0.8749807 0.4940851 0.5745083 0.6621797 1.3648581 1.2932999 4.4303657 4.7454727 3.1719534 4.0424045 4.5171237 4.6824418 5.6784689 4.4691778 4.8000607 5.3832511 5.5661800 3.1372681 3.3926362 3.2519385 
APZ76714.1                                  0.4527824 0.0000000 0.2169097 0.3083061 0.3778080 0.5561576 1.0522384 1.2480826 1.2218818 1.2877631 1.3211453 1.3676021 1.2657987 1.5720216 1.9848985 2.4614302 2.0778945 1.3498428 1.2826801 1.4113011 1.7158769 4.4403332 4.2233154 4.8452526 3.9403437 4.6652617 4.1818003 4.6542137 4.2492224 3.9784057 4.8461266 4.5345019 4.4218003 4.9061780 4.0489350 2.9077969 3.3304149 2.9681044 3.6848457 3.4286243 3.3250922 3.1162478 3.2550914 3.4589380 3.4878853 3.3828454 3.3911894 3.4099827 3.2301213 3.2381990 3.5630675 3.4553757 3.0845570 3.0401703 4.0845933 4.0719698 4.0028767 3.9842939 3.7410584 2.9706785 3.7390046 3.2122222 3.0762642 2.9089446 3.7119222 3.9229536 3.8869336 3.5722746 3.6316025 3.7129812 3.0977270 3.5734732 3.5477317 3.5440142 3.5881580 3.7481450 3.4917914 3.4092547 3.0776342 4.5074134 4.9129509 4.3598335 3.6235175 4.2320070 3.3019801 3.1270539 3.2292531 3.9430911 3.0874771 3.4220796 4.1133871 2.9084526 3.4344171 3.2565638 2.8969364 3.8047558 4.1304572 0.0080344 2.0930594 1.3972668 3.0355057 3.5003943 4.7521686 4.9224194 4.9315216 4.9190700 5.2312003 2.9523999 4.3902233 3.8912610 4.8295844 3.5104564 3.3933250 4.1018191 3.3062332 3.9040458 3.2425876 3.6438287 3.4545088 2.0355294 2.0029276 1.2062405 1.1782064 1.4128997 1.4678452 0.7247774 0.9517634 0.1777719 0.3959330 0.4710520 1.4435386 1.3504291 4.7038554 4.4795315 3.3773822 4.0096572 4.6738902 4.4680689 5.7057774 4.1075439 4.5079776 5.0810509 5.6379819 3.2139702 3.4593679 3.5034190 
APZ76718.1                                  0.4596397 0.2169097 0.0000000 0.2979283 0.3920714 0.5677211 1.0280060 1.2502572 1.2106334 1.2557899 1.3755725 1.4112636 1.3465802 1.6177730 1.8842345 2.5932734 1.9949777 1.4947608 1.3969566 1.4367397 1.7351208 4.6130482 4.6164724 4.5793118 3.9191701 4.6470917 4.1441941 4.8794180 4.6807457 4.5582232 4.7912815 4.7803201 4.4643478 4.9688654 4.3927207 2.9097460 3.4280742 2.8500151 3.2938419 3.1798609 3.3555360 3.2169050 3.2362740 3.3253567 3.3197774 3.2722662 3.2809819 3.2266621 3.2197194 3.1322859 3.4934129 3.2987185 3.2504444 3.2311558 3.8829297 3.9073484 3.7632923 3.7455932 3.6913491 2.9549883 3.6587298 3.2231842 3.0375141 3.1413943 3.4362996 3.7761853 3.7422691 3.5560818 3.5966527 3.7073891 3.1063563 3.5569304 3.5894216 3.5333828 3.6298865 3.4307366 3.2452869 3.3718456 2.9715499 4.4863041 4.8039824 4.3522409 3.1794865 3.8746026 3.4534467 3.3047603 3.3716224 3.6530361 3.1903799 3.4282655 3.6796213 2.9442960 3.0462262 3.0625354 3.1728919 3.6801503 3.8940878 0.2171928 1.9790060 1.4380612 3.1337483 3.5448029 4.9803870 5.1900847 4.8970484 5.0983810 5.3295321 2.9155515 4.6718570 4.4968054 4.5856526 3.3097961 3.5804405 3.9978796 3.3040020 3.8356097 3.4718131 3.5196580 3.8176777 1.9704224 1.8883641 1.2301735 1.2312698 1.4827392 1.5886293 0.7032272 0.8877755 0.1674662 0.4254128 0.5027149 1.5348404 1.4077031 4.7060363 4.3143487 3.4050619 4.2821759 4.5762403 4.7180646 5.8470191 4.4992106 4.7096990 4.9293590 5.4761881 2.9980814 3.3089659 3.6867069 
APZ76716.1                                  0.5040783 0.3083061 0.2979283 0.0000000 0.4547875 0.6784298 1.0316149 1.2591790 1.2282540 1.2828308 1.3645117 1.3680104 1.3221587 1.7591584 1.9100649 2.6844194 1.9013709 1.4354475 1.4444090 1.5641225 1.9114643 5.2242093 4.7994164 4.5689171 3.9954236 5.1189607 4.8787793 4.7105584 4.5059604 4.4547391 4.9560938 4.9761243 4.8118910 5.2155558 4.3273749 2.9541452 3.4394025 2.9830058 3.6285625 3.4793501 3.6035483 3.3153585 3.4911386 3.6803627 3.6178328 3.4099881 3.4320582 3.5415003 3.4064885 3.4691982 3.6040853 3.5211213 3.2917095 3.3143264 4.1110478 4.0178140 3.7934501 3.7748531 3.8031407 3.2014126 3.7788146 3.1337105 3.3200928 2.9545996 3.7158418 4.0382780 4.0020043 3.8613861 3.7493706 3.6530195 3.3847451 3.9039661 4.0117581 3.8706837 3.9780041 3.6652957 3.5318097 3.4775988 3.1557691 4.6924533 4.8934189 4.1881570 3.3990269 4.3751805 3.7711567 3.2454591 3.3752759 4.2080858 3.2134464 3.5844892 3.5954959 2.8186538 3.3154460 2.9909178 3.3417932 4.0512915 3.8990651 0.3025383 1.9158920 1.4593549 3.3358950 3.7882121 4.9317404 5.0791154 5.4155691 5.2853764 5.6887722 3.0465731 4.7054591 4.3945101 4.7472445 3.7124470 3.8967664 4.1069942 3.8399771 3.6429926 3.6773999 3.9440343 3.8266079 2.0276273 1.9743683 1.2756798 1.2248618 1.4868823 1.5374011 0.7770551 0.9653362 0.2784226 0.4724603 0.5941182 1.5623390 1.4264236 5.0154718 4.5263595 3.6218696 4.3964943 4.7826115 4.7896447 5.9263161 4.5135881 4.9965317 5.5479264 6.0328743 3.4336270 3.6124112 3.9468050 
APZ76715.1                                  0.5743438 0.3778080 0.3920714 0.4547875 0.0000000 0.5409435 1.0930698 1.3606878 1.3541838 1.4450730 1.4692465 1.5028033 1.5400556 1.6096332 2.0889105 2.6964586 2.1320012 1.5922944 1.5081307 1.5964105 1.8695623 4.3156936 4.3750276 4.3140370 3.8668478 4.8111272 3.8718403 4.7149253 4.5643551 4.1388393 4.5584285 4.5331224 4.3239191 5.0265397 4.0849186 2.9507940 3.4442853 2.9780339 3.2342260 3.2722016 3.2645213 3.2694261 3.3427818 3.2749340 3.7144665 3.1504507 3.1396872 3.2859739 3.3649622 3.3059729 3.3441222 3.2322800 3.2944020 3.3046364 4.1567745 3.9782744 3.9167971 3.8980387 3.8732883 3.0191362 3.8766223 2.9850214 3.1949612 2.9697118 3.8298909 3.6919153 3.6578334 3.3543205 3.3152781 3.4437126 3.0423851 3.8783500 3.8391664 3.8569825 3.8204511 3.4924060 3.3810161 3.5053268 2.9167627 4.5736148 4.5155872 3.9235070 3.5100594 4.0826947 3.4524605 3.0540365 3.0573711 3.6620061 2.9551183 3.0758441 3.6058026 2.9164849 3.0654450 3.1685490 2.7591723 3.6346510 4.6515420 0.3655303 2.1476580 1.4599233 3.0114923 3.6118209 4.7775581 4.9430400 4.7266248 4.5414652 4.8532505 3.0148821 4.2885453 4.1395724 4.3283775 3.4802847 3.6711060 3.9575975 3.4670566 3.6480679 3.1590785 3.8445190 3.3942610 2.2335286 2.0179376 1.4097393 1.3954478 1.5028071 1.6239986 0.8500123 1.0381198 0.3808201 0.4292825 0.5482730 1.5583418 1.4251542 4.3938546 5.1605681 3.1595781 4.3903004 4.4829165 4.8582181 5.5361504 4.3943490 4.5322994 4.9353350 5.3160312 3.0627269 3.4554671 3.4721127 
MMETSP1389_DN25105_c0_g1_i1.p1              0.6980826 0.5561576 0.5677211 0.6784298 0.5409435 0.0000000 1.1745667 1.4314616 1.4155120 1.4732871 1.6917423 1.6415353 1.5535243 1.6358821 2.2056955 2.9632967 2.3624508 1.5650981 1.5972217 1.6929674 1.8439396 4.6098065 4.2717045 4.9661396 4.4115435 5.1744423 4.1041356 4.9227909 4.7948331 4.4251062 4.3992431 4.8144089 4.4144521 4.7215323 4.1218341 3.5534306 3.7228563 3.1725550 3.8342689 3.6797345 3.6112609 3.7040840 3.9593568 3.9411606 3.8054423 3.4920292 3.4786860 3.8033656 3.7342694 3.5902187 3.8046716 3.8027445 3.6883443 3.6890071 4.1174507 3.8190779 3.7346797 3.7160195 3.9921314 3.4489406 3.8274158 3.5448250 3.7575113 3.2359693 3.5713224 3.8495107 3.9109945 3.6266448 3.6852911 3.8358076 3.1893502 3.9760155 3.8779974 3.9245522 3.8891651 4.1588263 4.0410544 3.7817809 3.4254928 4.5778280 4.7909506 4.3345563 4.0095783 4.3010682 3.5801436 3.1924786 3.3234000 3.7527331 3.2095745 3.8182461 4.3599468 3.4376544 4.0886487 3.9434856 2.8798515 4.0160302 4.9302167 0.5481478 2.3790412 1.5251979 3.1801256 3.8692699 4.7250539 5.0034484 4.8151747 5.0276188 5.0296012 3.2599013 4.5691537 4.4749213 4.8766233 3.4840541 3.6728870 4.7169661 3.9225552 3.4123692 3.5070574 4.0113305 3.9309827 2.2127241 2.2579308 1.4295968 1.4661300 1.7366446 1.7087202 0.8852319 1.0172011 0.5974674 0.5198042 0.4159100 1.6625546 1.4987697 4.8898357 5.5055303 3.6783915 4.3582091 4.9334717 4.6098151 6.0109389 4.3927753 4.9840275 4.9965538 5.6212528 3.4464588 3.6893821 3.6849172 
MMETSP0799_DN39902_c0_g2_i1.p1              1.1892118 1.0522384 1.0280060 1.0316149 1.0930698 1.1745667 0.0000000 1.2401486 1.2239411 1.3735166 1.5568857 1.6663809 1.5216836 1.5168416 1.9822427 2.6880184 2.0732878 1.4876115 1.5435156 1.7860923 2.1049926 4.4868014 4.9239414 5.2081441 4.4250238 5.2325192 4.4300473 4.5067643 4.8083905 4.3568218 5.2083790 4.1699229 3.8669702 4.0248740 4.6188578 3.3190459 3.7011029 3.3011456 4.0555821 3.7914261 3.6857345 3.6097668 4.0844157 3.7595094 3.8651523 3.4530395 3.4357575 3.7256867 3.9011511 3.4942550 4.0099100 4.0800698 4.0021155 3.9625812 4.1675362 3.8629072 3.8075883 3.7889057 4.4388624 3.2493232 3.7310793 3.3033861 3.7157144 3.2076926 3.6192761 4.6716203 4.6973910 4.6027675 4.7420369 4.1624216 3.7430654 4.0959526 4.1340924 4.0526235 4.1174188 3.6639813 3.8145770 3.9742667 3.1668102 5.5740433 5.1193872 4.7878243 4.6031107 4.7169738 3.4763968 3.5009140 3.3938355 3.4834302 3.4346906 3.8154776 3.7794302 2.6487358 3.5023828 2.9134056 3.7469866 4.1181356 4.9535174 1.0654757 2.0882593 1.5196908 3.2510340 4.0342095 4.5494758 4.8681027 4.5769407 4.1925559 4.5028024 3.3294527 4.9899228 4.3934434 5.0700537 3.4287676 3.5432375 3.8430000 3.6831532 3.9190297 3.8370309 3.8173097 3.8067125 2.2125761 1.8693072 1.2287187 1.2641199 1.4818534 1.4486962 0.9642397 1.0581883 1.0584853 1.1201242 1.1392321 1.5979842 1.4228780 4.3404682 5.0404374 3.3583824 4.6716594 4.2323957 4.8894071 5.8732306 4.3489621 4.4700838 4.5667304 6.0316742 3.6196429 3.7002944 4.0956854 
MMETSP0484_DN29973_c8_g1_i1.p1              1.3061528 1.2480826 1.2502572 1.2591790 1.3606878 1.4314616 1.2401486 0.0000000 0.0123294 0.7451956 0.7461570 0.6898457 0.6266826 1.2604965 1.5741719 2.2797914 1.7256054 0.7165916 0.8582099 1.1330819 1.6362281 4.0706022 4.1952185 3.8382861 3.7980378 4.3452025 3.8484254 3.8484600 3.9794714 3.8348316 3.8945095 4.0173511 3.8800017 3.7817140 4.0146278 3.2338561 3.4708239 3.0455322 3.3545934 3.3696145 3.3529099 3.4879517 3.3831596 3.7185046 3.4477945 3.0903110 3.0822352 2.9483173 3.2104071 3.1176391 3.4917142 3.5692449 3.4170250 3.4457100 3.8912380 3.2412392 3.2353784 3.2180477 3.6565634 3.3281420 3.4231555 3.4327726 3.3830472 3.1088698 3.2433986 4.1371493 4.1557805 4.1090142 4.3970033 3.6849273 3.4560179 4.0119168 3.9470315 3.9528903 3.8816539 3.3326141 3.0740611 3.1071634 3.2227334 4.8549549 4.8640549 4.4296340 3.8119052 4.0987294 3.7117955 3.6256147 3.7285798 4.2168649 3.2207097 3.4537095 3.4591465 2.6744541 3.1337632 2.7930244 2.8728919 3.3606551 4.2872091 1.2378817 1.7391723 1.2152133 3.3536601 3.6480331 4.7985479 5.1597911 5.4042545 5.3447477 5.8601811 3.1174943 3.9934915 3.8721898 3.9436780 3.3264694 3.4731864 3.3784147 3.1558129 3.5820155 3.7645167 3.9414784 3.2503489 1.8834881 1.5181106 0.1200422 0.1869462 0.6694771 1.3644624 1.0191513 1.0167955 1.2044750 1.3741540 1.3343106 1.2291357 1.1954205 3.9064481 4.4367369 3.3097799 4.8049458 4.2813901 4.5402981 4.9934553 4.9606604 4.9349845 5.3262367 5.3197209 3.4079270 3.6213480 3.8645278 
MMETSP1047_DN18103_c0_g2_i1.p1              1.2684890 1.2218818 1.2106334 1.2282540 1.3541838 1.4155120 1.2239411 0.0123294 0.0000000 0.7115379 0.7162584 0.6867192 0.6216017 1.2130943 1.5604588 2.2598473 1.7173858 0.6787402 0.8363635 1.1108187 1.6268355 4.0466265 4.1338247 3.8447583 3.7974239 4.3290319 3.8260082 3.8480102 3.9687024 3.8198916 3.9097717 3.9789253 3.8775353 3.7620651 4.0648626 3.2561901 3.4980860 3.0671371 3.3826595 3.3751486 3.3813886 3.5061730 3.4014077 3.7614499 3.4821180 3.0594102 3.0884245 3.0021832 3.2705384 3.1041216 3.5974509 3.6308892 3.4396379 3.4687586 3.8477438 3.2075048 3.2219833 3.2046051 3.6019245 3.2792354 3.3940855 3.4562349 3.3310060 3.0842346 3.1838168 4.1176768 4.1362292 4.0897841 4.3759531 3.7455301 3.4528830 3.9558843 3.8911907 3.8975574 3.8518624 3.3344471 3.0756692 3.1252748 3.2145234 4.7889559 4.8766901 4.3760247 3.7714712 4.1551485 3.7035747 3.5845867 3.6939749 4.2047751 3.1817360 3.4397605 3.4190752 2.6705088 3.1110320 2.7944357 2.8866018 3.3612250 4.2347555 1.2117795 1.7309654 1.2255074 3.3004712 3.5966795 4.8124694 5.1738526 5.3435600 5.3356041 5.8522200 3.1719667 3.9725283 3.8572561 3.9171198 3.3300434 3.4514009 3.3535029 3.1592168 3.5539191 3.7842763 3.9197507 3.2293738 1.8836979 1.5071906 0.1115557 0.1788968 0.6469279 1.3270072 0.9951966 1.0115841 1.1843063 1.3657341 1.3417421 1.2128269 1.1744549 3.9105106 4.3838664 3.3260876 4.7788481 4.3786491 4.5013457 4.9403734 4.9444859 4.9300591 5.2978227 5.2776964 3.3928301 3.5754268 3.8453176 
MMETSP0046_DN13003_c0_g1_i1.p1              1.2744118 1.2877631 1.2557899 1.2828308 1.4450730 1.4732871 1.3735166 0.7451956 0.7115379 0.0000000 0.8473892 0.8634792 0.7574941 1.2435373 1.7799530 2.6128161 1.7560146 0.7867398 1.0747847 1.1739561 1.7248649 4.5968046 4.4140455 4.1477226 3.9827965 4.2659978 3.9143187 4.4859419 4.0452714 4.0210475 4.5949137 3.9458703 3.9234625 3.8517922 4.4475211 3.1050165 3.6102916 3.2147032 3.4619738 3.4970041 3.5891323 3.3644539 3.4787839 3.5603252 3.3111374 3.3373939 3.3061748 3.2252425 3.3667421 3.2642546 3.8986033 3.9599745 3.6058250 3.5905735 3.6657897 3.5226330 3.4068850 3.3889206 3.9292797 3.0311374 3.5699156 3.5507024 3.4120845 3.1889461 3.4241380 4.5084649 4.5511773 4.4717989 4.5930794 4.3697653 3.5191003 3.8787428 3.8261442 3.8241695 3.7762279 3.2353905 3.3078501 3.4367463 3.0486866 5.1324029 5.2054827 4.3335919 3.9833932 4.0099767 3.7021219 3.3544418 3.2866309 3.8971696 3.2294694 3.0679025 3.5886994 2.9184654 2.9401180 2.9446205 3.0719014 3.4041677 4.5936405 1.2815871 1.7695628 1.3085870 3.3435429 3.7315281 4.3415596 4.4260885 4.4470501 4.8313996 5.1360620 3.2484264 4.1100386 4.0453869 4.2968134 3.4522327 3.4680719 3.7637437 3.1139562 3.8411978 3.5378054 3.8701566 3.2341864 1.8550970 1.6630228 0.7373825 0.7783993 1.1865143 1.0979593 1.1634649 1.2245223 1.2720221 1.4907650 1.4588090 1.2737105 1.2444807 5.0786430 4.8046812 3.3358251 4.5448352 4.2064483 4.8963917 5.3758389 4.9250899 4.3938201 5.2118956 4.8467777 3.6208571 3.4813988 4.1117107 
MMETSP0046_DN10376_c1_g1_i1.p1              1.5091742 1.3211453 1.3755725 1.3645117 1.4692465 1.6917423 1.5568857 0.7461570 0.7162584 0.8473892 0.0000000 0.5595526 0.5986818 1.4079516 1.9487781 2.8332586 1.9901927 0.8886953 1.0106613 1.3546119 1.8081973 4.8400614 4.8238825 4.8822025 4.3638806 4.8580875 4.3854765 4.8199301 4.2237121 4.1796456 4.7965798 4.4774229 4.2211437 4.0830421 4.7182281 3.3090474 3.8759839 3.4403621 3.7996673 3.4190237 3.5963585 3.5365830 3.5835595 3.6705143 3.4652024 3.6392113 3.6486572 3.3597833 3.3971778 3.3729172 3.7891160 3.4528038 3.5998446 3.6536087 3.4807110 3.8296471 3.6643591 3.6461829 3.7484672 3.3719028 3.5269901 3.5703110 3.5472210 3.5206624 3.4361003 4.1600406 4.1791305 3.8870696 3.9568214 4.4290146 3.9679690 3.7824627 3.7891435 3.7284194 3.6527638 3.2663515 3.0872068 3.2079618 2.9636121 4.5837543 4.5391290 4.5589708 3.7798974 3.8336386 3.6929416 3.4804034 3.6359377 3.7897754 3.1513516 3.1169496 3.7417987 2.9728887 3.1929279 3.3913128 3.0310078 3.9122844 5.0962492 1.3221298 2.0050302 1.3762563 3.5720841 4.0902750 5.0155489 5.4043884 5.9122387 5.9347450 6.2579269 3.4687304 4.3643589 4.1101156 4.8937095 3.5215622 3.6162162 3.7564018 3.2507197 4.0298856 3.3097563 3.9418858 3.2345398 2.1158514 1.7757666 0.7928258 0.7263117 1.0702286 1.4820820 1.3740419 1.4914639 1.3058719 1.5447316 1.6152519 1.3703132 1.3005062 5.5198638 5.6844617 3.6843741 4.7169028 5.0948998 5.6138263 5.9473332 5.3118693 5.3604879 6.2583604 5.1446063 3.6156827 3.4311863 3.5527479 
APZ76704.1                                  1.4558037 1.3676021 1.4112636 1.3680104 1.5028033 1.6415353 1.6663809 0.6898457 0.6867192 0.8634792 0.5595526 0.0000000 0.4685518 1.5428816 2.0306843 2.7739803 2.0218038 0.8403494 0.9578614 1.3086623 1.6861583 4.7986013 4.9918657 4.7423287 4.2980537 4.5799111 4.1221472 4.8781324 4.1778877 4.1997351 5.0926515 4.7492003 4.3420944 4.2990536 4.7339010 3.1936544 3.4177314 3.1860915 3.2703417 3.2532490 3.2255938 3.6297568 3.1929366 3.5635915 3.6722374 3.4778996 3.4235946 3.3527179 3.5690846 3.4468545 3.9707842 3.7051354 3.5020343 3.5111675 3.4443796 3.4621004 3.4385100 3.4203976 3.4119144 3.4383308 3.3724852 3.7351252 3.2985567 3.5472988 3.6786891 4.0084336 4.0277487 3.9543383 4.0096600 3.8422039 3.4259708 3.5625085 3.5536971 3.5388223 3.5061713 3.2734437 3.1719992 3.3397437 3.1690585 4.7519834 4.3838359 4.6032035 3.6028122 3.8742677 4.1841654 3.2388567 3.9621706 3.9891530 3.2240507 3.3632277 3.3490960 2.8533390 3.5923898 3.2077384 3.0638458 3.9508049 4.9700939 1.3722309 2.0373393 1.3084396 3.5642299 4.1033509 5.2741383 5.5193101 4.7385929 5.1101481 5.4195872 3.2604510 4.8496558 4.2163948 4.9127325 3.2546162 3.7258469 3.7173795 3.5788175 3.8750929 3.4583100 3.4529814 2.9418703 2.0918590 1.9346813 0.6968799 0.6924980 1.0712837 1.4588340 1.3215637 1.5819360 1.3760690 1.4193098 1.5630189 1.3144269 1.3975805 5.0959686 5.7612727 3.6925482 5.0170531 5.1308803 5.0231928 6.6283621 5.2201835 5.2835402 5.7135356 5.2963807 3.6871108 3.6021792 3.9072764 
MMETSP0799_DN40362_c7_g1_i1.p1              1.4687762 1.2657987 1.3465802 1.3221587 1.5400556 1.5535243 1.5216836 0.6266826 0.6216017 0.7574941 0.5986818 0.4685518 0.0000000 1.4051131 1.7768343 2.4715076 1.8529436 0.7168458 0.8410392 1.2925026 1.7315312 4.9902233 3.8777488 5.0207208 4.2226366 4.3875265 4.4843443 4.7641009 4.3949033 4.3180968 4.4730943 4.6467340 4.0270640 4.1751195 4.4420093 3.1113379 3.7599178 3.2739736 3.5501784 3.3258638 3.5818971 3.5507925 3.3883428 3.4991355 3.3457694 3.3993942 3.4295671 3.3189518 3.3463867 3.3643869 3.9658697 3.7247681 3.4094245 3.5068810 3.6277143 3.5203667 3.4398367 3.4220480 3.6897735 3.5337296 3.5960776 3.3398093 3.1566975 3.3227240 3.2633348 4.2345406 4.2627259 4.0721454 4.1095852 4.3573912 3.3155914 3.6332922 3.6584246 3.5787928 3.6825145 3.1551874 3.0242211 3.2104079 3.0432935 4.5902625 4.4235443 4.1681947 3.6545174 3.5807295 3.7201368 3.4845067 3.5958947 4.0627260 3.0322933 3.1575750 3.3894355 2.8592461 3.3273406 3.1031152 3.0234581 3.6354604 4.3646369 1.2718124 1.8672030 1.1986467 3.4785334 3.7984924 5.2662443 5.6530661 5.0006935 5.5903234 5.9795178 3.2305340 4.7298461 4.2755030 5.0438111 3.0451275 3.2133493 3.7457115 3.4276001 3.8913586 3.6722701 3.8323093 2.8050985 2.3191694 1.7114522 0.6280450 0.7034028 1.0752351 1.2686893 1.3052553 1.4695887 1.2688220 1.3072511 1.4460033 1.2475143 1.1857914 4.8115447 5.1037848 3.5719460 4.4913488 5.1327237 4.7573133 5.5114826 5.0498514 5.2034325 5.6608801 4.9998757 3.3455270 3.3036338 3.8921964 
1KP_IAYV_2007142.p1                         1.5880310 1.5720216 1.6177730 1.7591584 1.6096332 1.6358821 1.5168416 1.2604965 1.2130943 1.2435373 1.4079516 1.5428816 1.4051131 0.0000000 1.8058930 2.4065609 2.0049767 1.2882289 1.4447911 1.6233185 1.7168501 4.5375668 5.0788042 4.1330895 3.5805568 4.5506651 4.0334201 3.9494490 3.9572997 3.7700354 4.1214365 4.3839489 4.3501671 4.2988699 4.7794949 3.8940276 4.3963388 3.9526725 4.1598354 4.0367989 3.8007090 4.8655013 4.1356785 4.3321558 3.8969010 3.9943433 3.9849663 3.9445253 4.0569476 4.0279078 4.5580146 4.6704359 4.5263344 4.5367549 4.4136719 3.9201394 3.9076315 3.8890070 4.5648683 3.7645995 4.1834782 3.8442344 3.8598867 3.5813164 4.2177308 3.9707374 4.0495918 4.0726873 4.0118384 4.1659649 4.0251675 4.3531264 4.2970795 4.3105962 4.3364653 3.8384578 3.6757503 3.8515089 3.1525232 6.2539527 5.9904784 5.6668425 4.0039813 4.1647354 4.0308140 4.1191800 3.9274746 3.7052575 4.0731623 4.0256402 3.3328874 3.3309580 3.3849252 3.3102188 3.0626391 3.3737021 4.0127161 1.5560389 2.0194205 0.9114456 3.6326973 4.4215393 4.6488596 4.6429811 4.5038553 4.8000926 4.9343873 3.9879210 4.0317675 3.7707161 4.2254912 3.9278611 4.3086405 3.7792490 3.5219222 3.6049069 3.4414300 4.2456786 3.2558542 1.7369529 1.7297121 1.2103661 1.3455547 1.5073241 0.7216399 1.3884894 1.4171558 1.6177082 1.6835077 1.6707730 0.9299423 0.8709308 4.9753129 4.4407196 3.4982395 4.1827150 5.0090713 4.0894094 4.8875749 4.3411981 4.5596084 4.1843839 4.6959000 3.8901459 3.9644230 4.3898116 
MMETSP1101_DN50558_c0_g1_i1.p1              2.0969146 1.9848985 1.8842345 1.9100649 2.0889105 2.2056955 1.9822427 1.5741719 1.5604588 1.7799530 1.9487781 2.0306843 1.7768343 1.8058930 0.0000000 1.5167152 0.3263014 1.6144227 2.0747270 2.0772405 1.7642892 4.4925305 4.6206649 4.3451700 3.8852982 4.3977624 4.3582429 4.2319303 4.1284228 4.0612038 4.0566580 4.9001382 4.6899428 4.5467241 4.5617505 3.1364754 3.4032210 2.8406309 3.2016253 3.2161282 3.2456371 3.4788999 3.5292998 3.3072704 3.0505537 3.1369299 3.2053345 2.8859003 2.8539566 3.5217285 3.2774530 3.0421700 3.0067624 3.0303414 3.9879718 3.7915454 3.5457899 3.5283244 4.0731248 3.5766001 3.3343814 3.2204890 3.0799092 3.2132192 3.0830580 3.6522522 3.6646726 3.5661794 3.5376335 3.7702678 3.7346746 3.7792486 3.8545082 3.7673354 3.6834485 3.5327587 3.5002854 3.3177476 3.0407844 4.3114885 4.8180944 3.9142747 3.1786872 3.3288780 3.9224005 3.6038916 3.4701722 3.7640411 3.5819384 3.4418250 3.5556527 2.7843301 3.2504531 2.7223927 3.0314107 3.1815160 4.3918497 1.9654148 0.3266256 2.0788024 3.1982685 3.5196969 4.2412002 4.4317212 5.0957176 5.4536804 5.0398571 2.8639862 4.0393001 4.2649109 4.3060466 3.8242115 3.4022158 3.5576948 3.1204913 3.4916888 3.3959198 3.3898391 2.9286527 2.0089525 0.3842874 1.5861951 1.5803180 1.8224881 1.6554411 1.9863535 1.9590558 1.9386357 2.1035533 2.0176979 2.0440263 2.0018193 4.7410963 4.6441178 3.3039586 4.4257900 4.2304849 4.6127676 5.1190958 5.0462393 4.4991242 5.2743079 5.2389766 3.2912925 3.7452904 3.5246198 
MMETSP1049_DN22488_c4_g1_i1.p1              2.6670949 2.4614302 2.5932734 2.6844194 2.6964586 2.9632967 2.6880184 2.2797914 2.2598473 2.6128161 2.8332586 2.7739803 2.4715076 2.4065609 1.5167152 0.0000000 1.6309262 2.6401086 2.5554228 2.7094210 2.2602926 4.2216387 4.7351298 4.3763085 4.7536007 5.1158656 4.0527506 4.3914560 4.3946654 4.1989283 4.5477784 4.1814105 3.9289417 4.3469806 4.6040807 3.5762768 3.8396047 3.2425871 3.8634392 3.6890695 3.4296890 3.8975086 3.7870430 3.7644718 3.7081341 3.7795841 3.9227182 3.9036776 3.6469015 3.5345392 3.6885395 3.4043767 3.6067527 3.5773674 4.2059753 4.0605102 4.0642063 4.0458271 4.1321299 3.8068436 3.7884499 3.9654976 3.8652461 3.4292792 4.0889419 5.4614875 5.4666646 5.1409838 5.3470479 4.2194234 3.9021980 4.5807617 4.5962928 4.5753668 4.5078288 3.9606209 3.4992159 3.5277835 3.1961312 4.1553814 4.3226638 3.9854164 3.7198329 4.0204537 3.7938033 4.0368836 4.0389046 4.2115548 4.0795834 4.2004666 3.9631755 3.3051093 3.6496174 3.9156192 3.9440048 3.7016617 4.5333633 2.4551194 1.6212484 2.3900327 3.5493765 4.1645267 4.0487807 4.1396346 5.0212845 5.0725010 5.2144439 3.2371064 4.2858425 4.3084629 4.1424068 3.4537353 4.2342376 4.1076075 3.6489640 3.8583561 3.3517138 4.8894703 3.4564207 2.4616443 1.5683982 2.3148745 2.2970975 2.3695299 2.4027403 2.6698883 2.3445082 2.5341191 2.3852850 2.7069131 2.7585045 2.3959832 4.4578348 4.8062276 3.5142838 4.7043679 4.1993403 4.9617433 5.4695975 4.6703661 4.9716547 4.9370611 5.2243384 3.7494026 4.1049668 4.6399666 
MMETSP1047_DN29475_c0_g2_i1.p1              2.1163851 2.0778945 1.9949777 1.9013709 2.1320012 2.3624508 2.0732878 1.7256054 1.7173858 1.7560146 1.9901927 2.0218038 1.8529436 2.0049767 0.3263014 1.6309262 0.0000000 1.7777621 1.9945388 2.1394029 1.9148254 5.2862959 4.9286945 4.5066104 4.3557308 4.9989236 4.8730416 5.1189942 4.4630865 4.3737389 4.8034095 5.3550829 5.3494256 5.1590348 5.5151360 3.3238106 3.5442823 3.0972751 3.3314248 3.3106226 3.2428394 3.6791043 3.5503508 3.5107573 3.4198417 3.3395777 3.4245882 3.2443483 3.0668091 3.6690328 3.4316754 3.2114584 3.2933833 3.3571699 4.0134216 3.9684022 3.6743154 3.6561281 4.5426475 3.5695554 3.4044827 3.6671266 3.3440102 3.3950837 3.5924963 3.8185908 3.8323268 3.7558135 3.6967145 3.8484147 3.9353288 3.7302954 3.8027254 3.6632558 3.6909200 3.1901028 3.2927195 3.3274254 3.0306380 4.1406109 4.5138496 3.9466024 3.4138054 3.7189925 3.9205300 3.4615337 3.4857680 3.5730847 3.4216822 3.4425386 3.5111529 3.0144807 3.0601989 2.9297850 3.1723640 3.1088096 4.0290238 2.0572817 0.0042166 2.0588609 3.6120811 3.7468265 4.1768454 4.1865170 5.1954110 5.6284436 5.2232501 3.1482737 4.6757571 4.5273746 4.3882007 3.8169405 3.5317032 3.9116020 3.1851805 3.2691838 3.5627576 3.5914887 3.0115033 2.2126383 0.2963310 1.7277667 1.6453456 1.9187824 1.7838372 2.2309038 2.0787327 1.9846300 2.3159641 2.2495861 2.0352638 1.9946942 4.6101027 4.5960783 3.4154438 4.6628332 4.2729974 5.0980601 5.3188279 5.3044282 4.4590767 5.0256838 5.1725079 3.6500884 3.8750228 3.4192539 
MMETSP0987_DN28469_c9_g1_i1.p1              1.3378157 1.3498428 1.4947608 1.4354475 1.5922944 1.5650981 1.4876115 0.7165916 0.6787402 0.7867398 0.8886953 0.8403494 0.7168458 1.2882289 1.6144227 2.6401086 1.7777621 0.0000000 0.7270761 1.1455344 1.8060962 4.3584204 4.3061859 4.6073731 3.9489006 4.1086924 3.9877613 4.3268396 4.3235578 3.9539947 4.3579609 3.9886610 4.2053418 4.0029921 4.6783552 3.5193028 3.9871396 3.1430918 3.7301859 3.5013462 3.4866171 3.5229034 3.6488957 3.9329562 3.5176692 3.3981193 3.4651767 3.3884410 3.5101730 3.5261266 3.9298130 4.0058186 3.6857772 3.6849497 3.7387730 3.7902316 3.6335411 3.6147487 4.0209109 3.7126453 3.4849879 3.7524714 3.4808029 3.3005998 3.4106996 3.9951635 4.0331021 4.1454781 4.0857714 4.0906783 3.4498762 3.5100196 3.4713584 3.4593232 3.6082045 3.4314424 3.3732551 3.4355245 3.1737588 5.0651308 5.1296424 4.5305183 3.7223871 3.9986451 3.8198701 3.5907466 3.5121611 4.4458459 3.4316396 3.3841666 3.5505087 2.9176671 3.2171285 3.0911123 3.0250956 3.8422775 4.5123347 1.3558170 1.7918748 1.2718053 3.6411097 3.7423674 5.0667119 5.0992457 4.7587535 5.5618911 6.1526231 3.2012916 4.7358303 3.9551838 4.7071381 3.0115148 3.3703688 3.6613904 3.0241300 3.7813070 3.3864710 3.6304741 3.2082914 2.0206166 1.6115928 0.6613624 0.6412205 1.0501012 1.2045737 1.2631611 1.2086531 1.4399748 1.4604449 1.5449690 1.2612902 1.2338607 4.4899959 4.6761953 3.3301662 4.0846602 4.6421975 4.6468353 5.4532506 5.3102577 5.3662885 5.5472495 5.0613140 3.6460387 3.6181791 4.1958873 
APZ76721.1                                  1.4018377 1.2826801 1.3969566 1.4444090 1.5081307 1.5972217 1.5435156 0.8582099 0.8363635 1.0747847 1.0106613 0.9578614 0.8410392 1.4447911 2.0747270 2.5554228 1.9945388 0.7270761 0.0000000 1.2754277 1.9807331 4.8326966 4.7286100 5.4014502 4.4103069 5.0146470 4.8270515 5.0217556 4.9282457 4.9219804 5.1268283 4.8004705 4.7104766 4.8600307 5.6228918 3.6096012 4.0389363 3.2353430 3.6087588 3.5278762 3.5388373 3.8015368 3.7333838 3.8397303 3.6549937 3.7322225 3.7614672 3.6056881 3.7961482 3.3480247 3.9846136 3.8486924 3.6376097 3.5896297 3.9432061 3.6604045 3.4812578 3.4629824 4.1101664 3.2939633 3.7064875 4.0634753 3.6811219 3.3875985 3.5844255 4.1873447 4.2079076 4.2250805 4.2932651 4.5936129 3.9591056 3.8907002 3.9243417 3.8357320 3.9811953 3.7107877 3.6506764 3.8831239 3.4211893 4.8837621 4.8173157 4.5084667 4.3800936 4.1286972 3.6528951 4.0509423 3.9695229 4.6063048 3.6742456 3.5358342 3.5009920 3.1363105 3.3531159 3.3854866 3.5897996 4.2588212 4.5705468 1.2766943 2.0089736 1.3985529 3.6049955 4.0033350 5.2417095 5.4796061 5.6503185 5.7656023 6.4879612 3.2288439 5.3989779 4.9207036 5.2332298 3.2479545 4.2690672 3.7672789 3.3081213 4.3354025 3.7066948 4.1477544 3.4736742 2.3628513 2.0884102 0.8228066 0.7890288 1.1351563 1.4957509 1.3301348 1.4831790 1.3645855 1.4497434 1.5442857 1.5218210 1.3684976 4.7506455 4.6982154 3.8271613 4.9795692 5.1017885 4.8672805 5.8831226 5.6062732 5.3504450 6.6631686 5.2040331 4.1197027 3.9484385 4.2667935 
1KP_IRZA_2060620.p1                         1.5211886 1.4113011 1.4367397 1.5641225 1.5964105 1.6929674 1.7860923 1.1330819 1.1108187 1.1739561 1.3546119 1.3086623 1.2925026 1.6233185 2.0772405 2.7094210 2.1394029 1.1455344 1.2754277 0.0000000 1.8645459 5.2757320 5.1706519 4.8698734 4.4126564 4.4739038 4.7504519 4.8502033 4.2667659 4.3881733 5.0025054 4.6153332 4.7472046 5.3393624 4.8192815 3.4508311 3.6757591 3.2036647 3.6242982 3.6825597 3.6817062 3.6229416 3.6970220 3.8326868 3.9429594 3.4175647 3.5523169 3.2780278 3.5961448 3.3848800 3.6455944 4.0134986 3.3070111 3.3116885 4.1713365 4.5734750 4.2827323 4.2632638 4.5495587 3.5857251 4.1142640 3.6285721 3.5313409 3.2446065 3.9254677 4.4251641 4.5172876 4.2543897 4.4816069 3.9391382 4.0935817 4.6904999 4.6752003 4.6483625 4.7001538 3.6346331 3.9392682 3.9807250 3.1118499 5.5845849 5.9695108 5.2076848 3.5845424 3.6112572 3.5601993 3.6351243 3.3328262 4.5049952 3.1803803 3.5530471 3.7135010 3.4719827 3.7450784 3.5153315 3.1524389 3.5832444 4.7212656 1.4043618 2.1363831 1.5126736 3.6851397 4.4024062 4.3787305 4.3635957 4.7986459 5.2142655 5.5739024 3.1568020 4.8635447 4.3530283 4.8931657 3.8429677 4.0603696 4.0534118 3.5337456 4.1188321 3.9484944 4.5100984 3.3861214 2.3475419 2.0130787 1.1232101 1.1067557 1.4229734 1.6020984 1.3595580 1.5919410 1.4766302 1.5900754 1.5925697 1.6097689 1.5404293 4.8604888 4.7765960 3.5678175 4.7468028 4.9653846 4.7574906 6.1831922 5.5222176 5.6288224 5.3191371 5.4421750 3.9004887 3.5801737 3.7830208 
MMETSP1049_DN21151_c0_g1_i1.p1              1.9035927 1.7158769 1.7351208 1.9114643 1.8695623 1.8439396 2.1049926 1.6362281 1.6268355 1.7248649 1.8081973 1.6861583 1.7315312 1.7168501 1.7642892 2.2602926 1.9148254 1.8060962 1.9807331 1.8645459 0.0000000 5.9887686 5.9240023 5.2436206 4.9728034 5.1030803 5.1303229 5.3645036 4.8166120 4.5596275 5.5760792 5.1175598 4.8608117 5.5344622 5.4584075 3.5323836 3.9579473 3.2607596 3.7757734 3.5747719 3.6172917 4.0932111 3.9691014 3.6227274 3.7349667 3.6437434 3.7293452 3.5884705 3.3585472 3.9730121 4.2024901 3.7337637 3.8738116 3.8317578 3.9270795 3.7683616 3.7204960 3.7023587 3.9779164 3.7835532 3.6765873 3.8793068 3.6578749 3.2288115 3.9280499 3.8378315 3.8782807 3.5980432 3.6878624 4.0369524 3.6508353 4.0909359 3.9914749 4.0857029 4.0539651 3.9052408 3.8357087 3.9083694 3.1570884 4.2731504 4.6905945 3.7752328 4.0058405 4.2354641 3.9711710 3.4488477 3.6971147 3.9485430 3.7003323 3.9404864 4.0073042 3.6000815 3.3976553 3.7839656 3.5552659 3.9266846 4.6034488 1.7068859 1.8996520 1.5436644 3.3493071 4.1377264 4.8272658 4.8452081 5.7205833 5.8996992 6.0012650 3.3407205 5.2119256 4.7163683 5.1109609 3.4695291 3.7200549 3.4860735 3.8389242 3.8540004 3.3367512 4.0439420 3.2945704 2.0195962 1.9349094 1.6065436 1.5371658 1.7554548 1.6973605 1.7124750 1.8069754 1.7480671 2.0345015 1.7830635 1.9457542 1.6106073 5.5512628 5.3485906 3.4194001 5.1416617 5.2624538 5.1458683 6.3696200 5.9120182 6.2511856 5.5490185 6.4542538 3.0909833 3.5112704 3.7749604 
ARQ20888.1                                  4.5184721 4.4403332 4.6130482 5.2242093 4.3156936 4.6098065 4.4868014 4.0706022 4.0466265 4.5968046 4.8400614 4.7986013 4.9902233 4.5375668 4.4925305 4.2216387 5.2862959 4.3584204 4.8326966 5.2757320 5.9887686 0.0000000 1.6688503 2.3049128 1.9873235 2.3790848 1.9993054 1.7989437 1.8301065 1.7875870 2.1212715 1.0670941 1.0024562 1.1761067 1.6524980 4.7617154 5.0324052 4.6079772 4.5175451 4.8540128 4.5800662 4.5171051 4.2561208 4.4358141 4.5276371 4.5575153 4.6889393 4.5325160 4.8226670 4.2568401 5.0564629 4.8885173 4.4890245 4.5300828 5.2052866 5.4503251 5.0318502 5.0117828 4.6294019 4.9170493 5.3352498 4.3516226 4.7713157 5.0111729 4.4527772 5.2442821 5.2858724 5.5780332 5.1247605 5.2731954 4.9187453 5.0265282 5.1217749 5.1101494 5.1829311 5.1641773 4.8908178 4.8587155 4.4538856 6.6567202 6.3437619 5.2251775 4.3726032 4.6199003 4.1781717 4.5431743 5.5018196 5.5684093 4.8834282 5.9696421 4.8812451 4.9762205 5.1506657 4.7875846 5.3468878 4.2851721 5.7455111 4.4230139 5.2511813 5.7479407 4.4552095 4.5108492 4.8814044 5.0170343 2.8995328 2.7624060 2.8726068 4.7320918 2.0509767 1.7955776 2.1978621 4.4552625 6.0374792 5.5885109 4.9413746 5.7674721 5.4367989 5.3066875 4.8379221 5.1393510 5.0164423 4.2687759 4.1142825 4.4725814 4.8127177 4.6924259 4.5351208 4.7207788 4.3226974 4.4365699 5.1569920 5.0381649 4.5330685 5.5484181 5.6633525 3.4899121 3.2092888 3.5742764 3.5586607 3.0699017 3.4457311 3.1076499 3.4511422 4.2657659 4.6730954 6.3962693 
MMETSP1047_DN14417_c0_g1_i1.p1              4.1387044 4.2233154 4.6164724 4.7994164 4.3750276 4.2717045 4.9239414 4.1952185 4.1338247 4.4140455 4.8238825 4.9918657 3.8777488 5.0788042 4.6206649 4.7351298 4.9286945 4.3061859 4.7286100 5.1706519 5.9240023 1.6688503 0.0000000 2.2873077 2.4278761 2.4640475 2.1491817 2.2256352 2.0223680 1.9393044 2.1198149 1.3554699 1.2857832 1.4223264 0.8468500 4.6715181 5.1741305 4.8584003 5.3120524 5.6685943 5.5610083 4.6166542 4.5302815 4.9804933 4.7467434 4.8830979 4.8841420 5.1582267 4.9588359 4.9885018 5.0400699 5.0935575 4.7817009 4.8505763 5.1805273 5.6979372 5.3426293 5.3208248 5.3631238 4.9943541 5.2603046 4.2555093 5.3424231 4.4478166 5.1492515 6.7521581 6.9446985 6.2570412 6.1199986 6.1204213 4.3799309 5.7164634 5.7705529 5.6993950 5.6337783 4.6067179 4.6712908 4.3541434 5.2558296 6.4264099 6.6591298 5.4222594 5.1510996 5.4383694 5.1645370 6.1858035 5.5044204 5.9908670 5.8311457 5.1465070 5.5383257 5.3227693 5.2548379 5.1429743 5.0785009 5.0670912 4.6464817 4.2100950 4.9632461 5.2381707 5.2459882 6.0761864 3.8963375 4.0896217 4.0014131 3.8326270 3.9115927 4.9935035 2.2174129 1.9145781 2.2746923 4.9370571 5.3819237 6.7371415 4.8163133 6.0486423 5.9162009 5.8215687 4.6576412 5.1226900 4.5464736 4.3320957 4.1655183 4.4640788 4.6332766 4.9534625 4.3671766 4.6371392 4.2940947 4.3918037 5.0833254 4.8724524 4.0289543 4.4230151 5.0576424 3.6244883 3.5797109 3.6237330 3.7073108 3.3285069 4.1224016 3.5594466 3.9978237 4.6214189 4.6124292 6.4139232 
MMETSP1101_DN40913_c1_g1_i1.p1              4.4642131 4.8452526 4.5793118 4.5689171 4.3140370 4.9661396 5.2081441 3.8382861 3.8447583 4.1477226 4.8822025 4.7423287 5.0207208 4.1330895 4.3451700 4.3763085 4.5066104 4.6073731 5.4014502 4.8698734 5.2436206 2.3049128 2.2873077 0.0000000 0.6742948 1.0335719 0.8300844 0.7945487 1.7500415 1.8109824 0.8150923 2.2068681 2.2450664 2.3518874 2.4839480 4.3064601 4.1994793 4.5807122 4.6626049 5.0837084 4.6088910 4.3749504 4.6642606 4.7021284 4.7851712 4.2980015 4.3451718 4.5045004 4.3987433 4.2376891 4.7102458 4.7030436 4.9273545 4.8432145 5.2796237 5.3693829 5.5039193 5.4833220 5.2762764 4.8496276 5.5566263 4.7519680 5.1548089 4.8907007 5.0078817 6.2229966 6.2034848 6.3621549 5.5713399 5.7998114 5.1848590 5.1276202 4.8192893 5.2440357 4.9943127 4.4902658 3.8143242 3.8554178 4.4324689 7.0874773 7.3402876 6.8249151 4.0294595 4.6249972 5.0986187 5.2005249 4.7316577 5.6421828 4.9810036 5.0646225 4.6477506 4.9940638 5.0322248 5.2684143 4.4033646 3.5655006 4.2984498 4.8016861 4.5154936 4.2269953 4.5697425 5.0387334 4.3605559 4.5278199 4.5078746 4.4268544 4.3030789 4.8017956 0.7586566 1.7952461 0.2403498 5.5127630 5.4299599 5.2521939 4.8281476 5.2105428 5.3311161 5.1973674 4.5198840 5.1224420 4.1096026 4.0622626 4.0331133 4.1785542 4.7495039 4.7461093 4.6494221 4.8362950 4.7720686 4.5093121 4.5021046 4.4365821 4.3348988 4.5416761 5.6845846 3.9546053 3.3788904 3.7264622 4.0135645 3.6992707 3.7046195 3.5245085 4.0335610 4.2117566 4.1343074 5.2015582 
1KP_IRZA_2061044.p1                         3.6521029 3.9403437 3.9191701 3.9954236 3.8668478 4.4115435 4.4250238 3.7980378 3.7974239 3.9827965 4.3638806 4.2980537 4.2226366 3.5805568 3.8852982 4.7536007 4.3557308 3.9489006 4.4103069 4.4126564 4.9728034 1.9873235 2.4278761 0.6742948 0.0000000 1.0150951 0.9283839 0.6728729 1.6559014 1.6102558 0.7700254 2.1889194 2.2944658 2.3461793 2.4058436 4.3335782 4.6164712 4.8404324 4.6488483 4.8774691 4.7272875 4.4311823 4.4630796 4.3872676 4.8649319 4.3516587 4.3887892 4.6031316 4.5453765 4.3178355 4.9147889 4.7740588 4.9129201 4.8426160 5.2499496 5.3280525 5.2317947 5.2113250 5.0399949 4.7980884 5.3984867 4.5093717 5.1156484 4.6217265 4.3325659 5.1767528 5.2216227 5.2629179 4.7926757 5.0899800 4.7984936 4.9526283 4.6786473 5.0595884 4.8480709 3.8954157 3.6014421 3.6525147 4.1694228 6.2967260 6.7154493 6.1415272 3.9151769 4.5877219 4.8289059 5.0423811 4.7745253 4.8317504 5.1026425 4.9302109 4.2096425 4.6156314 4.5461917 4.6233133 3.7365290 3.7066533 4.0526966 3.9685599 4.3639438 3.8543444 4.0004821 5.1882158 4.6772982 4.8619455 3.6691361 3.8316448 3.5258154 4.7896248 0.8942166 1.6139653 0.6633321 4.8997194 4.7709822 4.6621506 4.2951878 4.6032568 4.9082568 4.5710308 4.3728881 4.9494373 4.1223259 3.7533757 3.7441012 4.1103586 4.0610191 3.9823029 4.1775155 4.0466294 4.3294814 4.2520688 4.0303619 3.7533005 4.3281292 4.4851344 4.9073199 3.7039520 3.5624338 3.7351505 3.4937338 3.6516876 3.4243583 3.2566450 3.8592136 4.2751733 4.4123049 4.7898163 
MMETSP0484_DN35984_c0_g1_i1.p1              4.1538236 4.6652617 4.6470917 5.1189607 4.8111272 5.1744423 5.2325192 4.3452025 4.3290319 4.2659978 4.8580875 4.5799111 4.3875265 4.5506651 4.3977624 5.1158656 4.9989236 4.1086924 5.0146470 4.4739038 5.1030803 2.3790848 2.4640475 1.0335719 1.0150951 0.0000000 0.6731198 0.9035073 1.9182847 1.8549821 0.8458561 2.2797231 2.4084127 2.3299698 2.4104887 4.0913934 4.5485127 4.7784881 4.6795790 4.5485868 4.6165285 4.3131015 4.3479807 4.3848673 4.4830461 4.4567153 4.5585476 4.3065553 4.2547424 4.0082110 4.2387954 4.4491071 4.3687621 4.4567528 4.8884136 5.4718449 5.5018128 5.4814600 4.9630076 4.5919544 5.1358037 5.0100786 4.8122884 4.8251052 4.4619595 5.4012761 5.4109833 5.1739479 4.6260941 4.5008792 5.3345581 4.6544235 4.5335081 4.7553299 4.8865899 4.1055829 3.9953875 4.0557458 4.7650634 6.1804379 6.7199818 5.7789188 4.2303157 4.5521569 4.4013994 5.2342110 4.9990791 5.4541225 5.4578267 4.3534029 4.2772188 5.4206035 5.0184482 5.2644297 4.3423874 3.4474869 4.5662880 4.6613058 5.0085491 4.8238585 4.8270628 4.4802421 4.0279544 4.1751842 3.8322161 3.9949680 3.7857894 4.7411862 1.0408875 1.8986815 0.9511407 4.8461856 5.0335420 5.9105966 4.4906785 4.7907203 4.3946807 5.1629248 4.3329937 5.3738332 4.5733161 4.1878284 4.3890522 4.4543758 4.5871784 4.4629270 4.3183728 4.6824528 4.6044957 4.8777173 4.5000707 4.7715441 3.8574777 4.8437008 5.4667468 3.5858464 3.9858194 3.8932764 3.9203559 3.7248552 3.6437837 3.3042337 3.9715362 4.5693602 5.0547733 6.1725712 
